0.0119664734
0.0199388058
0.031881372
0.0398278373
0.0517167867
0.0596176924
0.0714237159
0.0792597094
0.0909541151
0.0987063257
0.1102612476
0.1217195218
0.1293000189
0.1405764332
0.1517317265
0.1590970262
0.1700314463
0.1808224912
0.1914624613
0.1984682125
0.2088403132
0.2190426911
0.2290690962
0.2389137003
0.2485711049
0.2611479319
0.2703500028
0.2793500537
0.2910299121
0.2995458067
0.3105703452
0.3212136204
0.3289438737
0.3389129405
0.3508300497
0.3599289099
0.3707618878
0.3809998925
0.3906514476
0.399727432
0.4098773275
0.4207301585
0.4305633767
0.439429242
0.4494974165
0.4599408431
0.469945961
0.4798177846
0.4900969244
0.4999996981
